3.28
12.32
13.6
16.4
17.36
22.48
27.6
32.56
37.76
42.8
45.24
45.88
46.52
47.16
47.84
57.43333
58.13333
58.70
59.43333
60.70
61.36667
62.0
63.23333
63.86667
64.50
65.73333
66.36667
67.00
68.30
68.93333
69.56667
70.90
71.53333
72.16667
73.36667
74.00
74.63333
75.90
76.53333
77.16667
78.43333
79.06667
79.70
80.93333
81.56667
82.20
83.50
84.13333
84.76667
86.06667
86.70
87.33333
88.56667
89.20
89.83333
91.13333
91.76667
92.40
93.96667
94.26667
94.90
96.20
96.83333
97.33333
97.73333
98.10
98.76667
99.43333
100.10
100.83333
101.16667
101.83333
102.50
103.10
103.76667
104.43333
105.10
105.63333
106.30
106.96667
107.63333